[ConfigCheck]# Verifies that all parameters entered make sense (Default = True)
    checkWorks = True

[File]
    morph_name = mpg141209_A_idA

[Ion_Channel]
    [[Somatic]]
        cm = 1.0
        g_pas = 9.0314e-5
        ena = 50.0
        ek = -90.0
        Ra = 115.396
        gkdrbar_kdr = 0.004304
        gbar_nax = 0.03828
        gbar_kmb_inh = 0.005449
        gkabar_kap = 0.07698
        gcanbar_can = 2.2619e-6
        gcalbar_cal = 8.0325e-6
        gcatbar_cat = 1.185e-6
        gbar_kca = 9.031e-5
        gbar_cagk = 4.482e-5
        kca_mult = 20.0
        calcium_mult = 360.0
        ghdbar_hd_min = 1.904e-5
        e_pas_mult = -65.727

    [[Apical]]
        cm = 1.0
        g_pas =  9.03139e-05
        ena = 50.0
        ek = -90.0
        Ra = 115.39
        gkdrbar_kdr = 0.004304
        gbar_nax = 0.03828
        gcalbar_cal = 8.0325e-6
        gcanbar_can = 2.2629e-6
        gcatbar_cat = 1.1849e-6
        gbar_kca = 9.0311e-5
        gbar_cagk = 4.482e-5
        calcium_mult = 300.0
        kca_mult = 20.0
        ghdbar_hd_min = 1.904e-5
        e_pas_mult = -65.727
        gkabar_kad_mult = 0.01292

    [[Basal]]
        cm = 1.0
        g_pas = 9.03139e-5
        ena = 50
        ek = -90
        Ra = 115.396
        gkdrbar_kdr = 0.004304
        gbar_nax = 0.03828
        gcanbar_can = 2.262e-6
        gcalbar_cal = 8.032e-6
        gcatbar_cat = 1.185e-6
        gbar_kca = 9.0311e-5
        gbar_cagk = 4.482e-5
        ghdbar_hd_min = 1.904e-5
        e_pas_mult = -65.727
        gkabar_kad_mult = 0.01292
    [[Axonal]]
        cm = 1.0
        Ra = 85.202
        g_pas = 0.0001290
        e_pas = -79.917
        ena = 50
        ek = -90
        gbar_nax = 0.2111
        gkdrbar_kdr = 0.01166
        gbar_kmb_inh = 0.02647
        gkabar_kap = 0.1637
[RXD]
    trunk_sections = 0, 8, 9, 11, 13, 19
    fraction_er = 0.1
    fraction_cyt = 0.9
    ca_ext_val = 2.0
    ca_cyt_val = 1.0e-4
    ca_er_val = 0.175
    ca_diff = 0.03
    ip3_diff = 0.3
    ip3_init = 0.000003
    ip3k_total = 0.001
    ip5p_total = 0.00025
    cbd_total = 0.045
    cam_total = 0.01
    cbp_total = 0.8
    car_total = 86.0
    ogb1_total = 0.0
    ogb5_total = 0.0
    ncx_total = 0.0
    pmca_total = 2.56e-5
    g_ip3r = 1.0e6
    g_er_leak = 2100.0
    g_serca = 63525.0
    g_ext_leak = 3.2e-5
    m1_init = 79.35
    g_init = 40.0
    plc_init = 15.60
    pip2_init = 3232.0
    pi4p_init = 4540.0
    pi_init = 226975.0

[CA3toCA1]
     cm = 1.0
     g_pas =  9.03139e-05
     e_pas = -70.0
     Ra = 115.39
     gcatbar_cat = 0.0
     nbampa = 80
     dist_ampa = 0.08
     nbnmdanr2a = 1
     dist_nmdanr2a = 0.06
     nbnmdanr2b = 12
     dist_nmdanr2b = 1.0
     diff_threshold = 0.0
     delay = 1.0
